акула.0 1 1 0 0 0
альбатрос.0 0 1 1 0 0
альпака.1 0 0 1 1 0
анаконда.1 1 0 1 0 0
антилопа.1 0 0 1 0 1
бабка.0 0 0 1 1 0
баран.1 0 0 1 1 1
барс.1 1 1 0 0 0
бджола.0 0 0 1 0 0
бегемот.0 1 0 1 1 0
бик.1 0 0 1 1 1
бізон.1 0 0 1 0 0
білий ведмідь.1 1 1 0 1 0
білка.1 0 0 0 1 1
білуха.0 1 0 1 0 1
бобер.0 1 0 1 1 1
борсук.1 0 1 1 0 0
броненосець.1 0 1 1 0 0
бурий ведьмідь.1 0 1 1 0 0
варан.1 1 0 1 1 0
ведьмідь.1 0 1 1 0 0
верблюд.1 0 0 1 1 0
вивірка.1 0 0 0 1 1
видра.0 1 0 1 1 0
вівця.1 0 0 1 1 1
віслюк.1 0 0 1 1 0
вовк.1 1 1 0 1 1
восьминіг.0 1 0 0 1 0
вугор.0 1 1 1 0 0
вуж.1 1 0 1 0 0
гекон.1 1 0 1 1 0
гепард.1 1 1 1 1 1
гібон.1 0 1 0 1 0
гієна.1 1 1 1 1 1
гіпопотам.0 1 0 1 1 0
голуб.0 0 1 0 1 0
горила.1 0 0 0 0 1
горобець.0 0 1 0 0 0
гримуча змія.1 1 0 1 0 0
гусениця.0 0 0 1 0 0
гусінь.0 0 0 1 0 0
дельфін.0 1 0 1 0 1
дикобраз.1 0 0 0 1 1
дінго.1 1 1 1 0 1
єнот.1 0 1 1 0 0
єхидна.1 1 1 1 0 0
жаба.1 1 0 0 0 0
жираф.1 0 0 1 0 1
заєць.1 0 0 0 1 1
зебра.1 0 0 1 0 1
золота рибка.0 1 1 1 1 0
зубр.1 0 0 1 0 0
ігуана.1 1 0 1 1 0
їжак.1 0 1 1 1 0
індик.1 0 0 0 1 0
кабан.1 0 1 1 0 0
кавія.1 0 0 0 1 1
кажан.0 0 0 0 0 0
кальмар.0 1 0 0 1 0
камбала.0 1 1 1 0 0
капібара.0 1 0 1 1 1
качкодьоб.0 1 0 1 1 0
кенгуру.1 0 0 0 0 0
кит.0 1 0 1 0 1
ківі.1 0 1 1 0 0
кінь.1 0 0 1 1 0
кіт.1 1 1 1 1 0
кішка.1 1 1 1 1 0
коала.1 0 0 0 0 0
кобра.1 1 0 1 0 0
коза.1 0 0 1 1 1
койот.1 1 1 1 0 1
колібрі.0 0 1 0 1 0
корова.1 0 0 1 1 1
косатка.0 1 0 1 0 1
краб.0 1 0 0 0 0
кріт.0 0 0 0 0 0
крокодил.0 1 0 0 0 0
кролик.1 0 0 0 1 1
куниця.1 1 1 0 0 0
курка.1 0 1 1 0 1
ласка.1 1 1 0 1 0
ластівка.0 0 1 0 0 0
лебідь.0 0 1 1 1 0
лев.1 1 1 1 1 1
лелека.0 0 1 1 0 0
лемур.1 0 1 0 1 1
лисиця.1 1 1 0 1 1
лінивець.1 0 0 0 1 0
лосось.0 1 1 1 0 0
лось.1 0 0 1 0 0
макака.1 0 1 0 1 0
мангуст.1 1 1 1 1 0
манул.1 1 1 0 0 0
медоїд.1 1 1 1 0 0
медуза.0 1 0 0 0 0
метелик.0 0 0 1 0 0
миша.1 0 1 1 1 0
морж.0 1 0 1 0 0
морська зірка.0 1 0 0 1 0
морська свинка.1 0 0 0 1 1
морський коник.0 1 1 0 1 0
морський лев.0 1 0 1 0 0
мураха.1 0 1 1 1 0
мурахоїд.1 1 1 1 0 0
муха.0 0 0 1 0 0
нутрія.0 1 0 1 1 1
окунь.0 1 1 1 1 0
олень.1 0 0 1 1 0
опосум.1 0 1 1 0 0
орангутан.1 0 1 0 1 0
орангутанг.1 0 1 0 1 0
орел.0 0 1 0 0 0
оса.0 0 0 1 1 0
осел.1 0 0 1 1 0
павич.1 0 1 1 0 0
павлін.1 0 1 1 0 0
павук.1 1 0 0 0 0
панда.1 0 1 1 0 0
папуга.0 0 1 0 1 0
папугай.0 0 1 0 1 0
пацюк.1 0 1 1 1 0
пелікан.0 0 1 1 1 0
пес.1 0 1 1 0 1
песець.1 1 1 0 1 1
півень.1 0 1 1 0 1
пінгвін.0 0 1 1 1 0
равлик.1 0 0 0 1 0
риба клоун.0 1 1 0 1 0
риба меч.0 1 1 0 1 0
рись.1 1 1 0 1 0
росомаха.1 1 1 0 1 0
свиня.1 0 1 1 0 1
світляк.0 0 0 1 1 0
світлячок.0 0 0 1 1 0
скат.0 1 1 0 0 0
скорпіон.1 1 0 0 0 0
слон.1 0 0 0 0 1
собака дінго.1 1 1 1 0 1
собака.1 0 1 1 0 1
сова.0 0 1 0 0 0
страус.1 0 0 0 0 1
стрикоза.0 0 0 1 1 0
сумчастий диявол.1 1 1 0 0 0
сурикат.1 1 1 1 1 0
тарантул.1 1 0 0 0 0
тасманійський диявол.1 1 1 0 0 0
тигр.1 1 1 1 1 1
тритон.0 1 0 0 0 0
тукан.0 0 1 0 1 0
тюлень.0 1 0 1 0 0
фенек.1 1 1 1 0 1
фламінго.0 0 1 1 0 0
хамелеон.1 1 0 1 1 0
хом'як.1 0 0 0 0 1
чайка.0 0 1 1 1 0
черв'як.0 0 0 0 0 0
шимпанзе.1 0 1 0 1 1
щука.0 1 1 1 1 0
як.1 0 0 1 1 1
морська черепаха.0 1 0 0 0 0
суходільна черепаха.1 0 0 0 1  0
черепаха.1 0 0 0 1 0
